1519,0,78.14779663,16.04086304,513.1,12,7,19,14,951.938,100,7.02,1580,2468,-58,22,-20,-47
1520,0,78.14779663,16.04090881,513.0,12,7,20,14,951.88,100,7.02,1587,2467,-65,16,-33,-48
1521,0,78.14779663,16.04093170,513.0,12,7,21,14,951.876,100,7.02,1596,2476,-65,16,-30,-47
1522,0,78.14779663,16.04094696,512.9,12,7,22,15,951.85,100,7.01,1600,2473,-56,12,-37,-78
1523,0,78.14779663,16.04096985,513.1,12,7,23,16,951.895,100,7.02,1599,2469,-57,12,-26,-64
1524,0,78.14776611,16.04100037,513.2,12,7,24,16,951.885,100,7.02,1619,2466,-44,19,-16,-88
1525,0,78.14776611,16.04093170,513.4,12,7,25,16,951.855,100,7.0,1642,2469,-59,32,-42,-69
1526,0,78.14776611,16.04098511,513.1,12,7,26,16,951.917,100,6.99,1670,2466,-61,23,-43,-73
1527,0,78.14773560,16.04093170,513.6,12,7,27,16,951.86,100,6.98,1692,2469,-64,27,-25,-75
1528,0,78.14770508,16.04092407,513.7,12,7,28,16,951.892,100,6.96,1718,2469,-32,18,-20,-76
1529,0,78.14770508,16.04093170,513.5,12,7,29,16,951.938,100,6.96,1745,2469,-13,28,-22,-92
1530,0,78.14770508,16.04093170,513.5,12,7,30,16,951.948,100,6.97,1773,2470,-29,15,-20,-86
1531,0,78.14770508,16.04094696,513.2,12,7,31,16,951.992,100,6.96,1795,2470,-70,27,-20,-80
1532,0,78.14770508,16.04097748,513.0,12,7,32,16,951.961,100,6.97,1808,2468,-95,28,-21,-77
1533,0,78.14767456,16.04100037,512.7,12,7,33,16,951.916,100,6.98,1810,2478,-89,29,-13,-80
1534,0,78.14767456,16.04100037,513.0,12,7,34,15,951.92,100,6.99,1817,2467,-85,35,-13,-76
1535,0,78.14767456,16.04098511,512.9,12,7,35,15,951.967,100,6.98,1825,2467,-94,27,-24,-73
1536,0,78.14767456,16.04097748,512.9,12,7,36,15,951.964,100,6.97,1830,2470,-96,26,-23,-75
1537,0,78.14767456,16.04096985,513.0,12,7,37,15,951.978,100,6.98,1836,2471,-105,29,-35,-83
1538,0,78.14767456,16.04094696,513.0,12,7,38,15,951.974,100,6.98,1842,2470,126,16,-49,-97
1539,0,78.14767456,16.04090881,513.1,12,7,39,16,951.973,100,6.99,1843,2466,-105,-11,-23,-89
1540,0,78.14767456,16.04091644,513.2,12,7,40,15,951.975,100,6.98,1840,2470,-86,-28,21,-76
1541,0,78.14767456,16.04089355,513.2,12,7,41,16,952.001,100,6.96,1828,2470,-89,-24,28,-79
1542,0,78.14767456,16.04090118,513.2,12,7,42,16,951.997,100,6.94,1824,2470,-86,-24,28,-85
1543,0,78.14767456,16.04089355,513.1,12,7,43,16,951.986,100,6.92,1827,2472,-86,-24,28,-82
1544,0,78.14767456,16.04088593,512.9,12,7,44,15,951.987,100,6.9,1828,2471,-86,-24,28,-79
1545,0,78.14767456,16.04087830,512.8,12,7,45,15,951.945,100,6.88,1829,2468,-86,-24,28,-80
1546,0,78.14767456,16.04087067,512.9,12,7,46,15,951.992,100,6.87,1827,2468,-90,-9,28,-87
1547,0,78.14767456,16.04088593,513.3,12,7,47,16,952.004,100,6.85,1830,2467,-85,-1,24,-78
1548,0,78.14767456,16.04088593,513.5,12,7,48,16,952.109,100,6.83,1842,2466,-63,57,27,-81
1549,0,78.14767456,16.04087830,513.5,12,7,49,16,952.138,100,6.83,1851,2469,33,60,117,-83
1550,0,78.14767456,16.04087830,513.5,12,7,50,16,952.115,100,6.83,1857,2469,27,59,112,-79
1551,0,78.14767456,16.04087830,513.6,12,7,51,16,952.12,100,6.84,1862,2470,28,59,113,-82
1552,0,78.14767456,16.04087830,513.6,12,7,52,16,952.122,100,6.83,1868,2469,29,58,113,-82
1553,0,78.14767456,16.04087830,513.3,12,7,53,16,952.154,100,6.78,1872,2466,29,58,113,-77
1554,0,78.14767456,16.04088593,512.9,12,7,54,16,952.112,100,6.78,1875,2470,29,58,113,-84
1555,0,78.14767456,16.04088593,513.0,12,7,55,16,952.111,100,6.77,1878,2477,29,58,113,-80
1556,0,78.14767456,16.04088593,512.7,12,7,56,15,952.116,100,6.77,1880,2470,29,58,113,-79
1557,0,78.14767456,16.04088593,512.6,12,7,57,16,952.078,100,6.75,1883,2471,29,58,113,-76
1558,0,78.14767456,16.04089355,512.4,12,7,58,16,952.108,100,6.74,1885,2469,29,58,113,-74
1559,0,78.14767456,16.04089355,512.3,12,7,59,16,952.106,100,6.73,1888,2471,29,58,114,-74
1560,0,78.14767456,16.04090118,512.3,12,8,0,16,952.131,100,6.72,1889,2470,29,58,114,-75
1561,0,78.14767456,16.04090118,512.4,12,8,1,16,952.109,100,6.71,1892,2471,29,58,114,-75
1562,0,78.14767456,16.04090118,512.6,12,8,2,16,952.111,99,6.69,1893,2471,29,58,114,-76
1563,0,78.14767456,16.04090881,512.6,12,8,3,16,952.142,99,6.69,1894,2470,29,58,114,-80
1564,0,78.14767456,16.04090881,512.6,12,8,4,16,952.138,99,6.67,1895,2471,30,58,114,-78
1565,0,78.14767456,16.04090881,512.6,12,8,5,16,952.156,99,6.66,1897,2470,30,59,114,-77
1566,0,78.14767456,16.04091644,512.6,12,8,6,16,952.34,99,6.65,1900,2471,31,59,115,-77
1567,0,78.14767456,16.04090881,512.6,12,8,7,16,951.998,98,6.64,1903,2471,-27,56,55,-69
1568,0,78.14767456,16.04090881,512.7,12,8,8,16,951.474,97,6.59,1895,2469,-48,50,34,-81
1569,0,78.14767456,16.04089355,512.9,12,8,9,16,950.779,96,6.56,1882,2466,-51,46,30,-76
1570,0,78.14767456,16.04088593,513.2,12,8,10,16,950.067,95,6.51,1871,2467,-50,49,32,-81
1571,0,78.14764404,16.04089355,513.5,12,8,11,16,949.395,94,6.47,1861,2466,-60,53,25,-78
1572,0,78.14761353,16.04097748,513.8,12,8,12,16,948.704,93,6.46,1854,2469,-74,56,13,-80
1573,0,78.14752197,16.04115295,514.1,12,8,13,16,948.291,92,6.43,1851,2470,-8,62,79,-84
1574,0,78.14736938,16.04157257,514.8,12,8,14,16,947.798,91,6.4,1848,2469,-53,55,34,-88
1575,0,78.14727783,16.04177856,514.0,12,8,15,15,947.093,91,6.38,1848,2469,-52,51,35,-89
1576,0,78.14721680,16.04184723,516.2,12,8,16,15,946.436,91,6.35,1847,2469,-53,52,33,-90
1577,0,78.14712524,16.04215240,516.4,12,8,17,15,945.978,90,6.31,1847,2464,-39,60,47,-89
1578,0,78.14703369,16.04244995,516.8,12,8,18,15,945.542,90,6.32,1846,2473,-20,60,64,-89
1579,0,78.14691162,16.04291534,512.6,12,8,19,16,944.947,91,6.29,1848,2472,-46,57,38,-89
1580,0,78.14682007,16.04309845,512.9,12,8,20,15,944.342,91,6.26,1849,2471,-52,52,33,-91
1581,0,78.14672852,16.04330444,513.3,12,8,21,16,943.777,91,6.28,1847,2470,-52,50,33,-92
1582,0,78.14666748,16.04344177,514.2,12,8,22,14,943.179,91,6.24,1846,2471,-51,52,33,-91
1583,0,78.14663696,16.04354858,514.5,12,8,23,14,942.727,91,6.23,1847,2471,-49,55,35,-92
1584,0,78.14657593,16.04368591,514.9,12,8,24,15,942.206,91,6.22,1847,2467,-41,57,44,-92
1585,0,78.14648438,16.04384613,515.7,12,8,25,15,941.856,91,6.2,1848,2471,59,51,-110,-90
1586,0,78.14642334,16.04399872,516.4,12,8,26,13,941.302,91,6.19,1848,2470,-29,59,55,-92
1587,0,78.14633179,16.04408264,516.5,12,8,27,15,940.738,91,6.15,1847,2470,-50,51,34,-92
1588,0,78.14630127,16.04396057,518.0,12,8,28,15,940.202,90,6.13,1846,2471,-50,52,35,-95
1589,0,78.14630127,16.04387665,520.1,12,8,29,14,939.708,89,6.11,1847,2474,-46,53,38,-96
Nothing received in the last five seconds...
Nothing received in the last five seconds...
Nothing received in the last five seconds...
Nothing received in the last five seconds...
Nothing received in the last five seconds...
1595,0,78.14620972,16.04367065,530.1,12,8,35,12,938.687,87,6.02,1848,2470,-34,58,49,-96
Nothing received in the last five seconds...
Nothing received in the last five seconds...
1598,0,78.14620972,16.04365540,530.3,12,8,38,13,938.662,87,5.95,1845,2470,-31,57,52,-97
1599,0,78.14620972,16.04364777,530.8,12,8,39,14,939.086,86,5.92,1845,2470,-44,-23,0,-93
Nothing received in the last five seconds...
1601,0,78.14620972,16.04359436,530.3,12,8,41,13,940.453,85,5.87,1845,2467,86,49,-17,-92
1602,0,78.14620972,16.04351807,529.2,12,8,42,15,940.97,84,5.87,1845,2471,-116,52,22,-91
1603,0,78.14620972,16.04343414,528.1,12,8,43,12,941.348,83,5.85,1844,2468,-69,40,109,-91
1605,0,78.14620972,16.04336548,526.0,12,8,45,14,942.135,82,5.83,1845,2470,21,38,-82,-92
1606,0,78.14620972,16.04338074,524.9,12,8,46,14,942.461,81,5.79,1846,2470,78,44,-63,-94
1607,0,78.14620972,16.04335022,523.8,12,8,47,13,942.88,80,5.76,1844,2470,-97,54,-18,-95
1608,0,78.14624023,16.04329681,522.8,12,8,48,15,943.235,80,5.76,1845,2470,-3,58,68,-93
1609,0,78.14627075,16.04329681,521.7,12,8,49,16,943.641,79,5.71,1844,2470,13,47,85,-95
1610,0,78.14630127,16.04335022,520.8,12,8,50,12,944.0,79,5.7,1842,2470,14,52,-100,-93
1611,0,78.14630127,16.04341888,519.9,12,8,51,14,944.336,79,5.69,1842,2475,79,51,104,-91
1612,0,78.14630127,16.04344177,518.9,12,8,52,15,944.689,79,5.66,1840,2467,113,46,95,-92
1613,0,78.14630127,16.04341125,518.0,12,8,53,15,945.073,79,5.63,1839,2467,-115,52,119,-91
1614,0,78.14633179,16.04338074,517.1,12,8,54,14,945.457,79,5.59,1839,2470,-74,53,116,-89
1615,0,78.14636230,16.04331207,516.2,12,8,55,15,945.778,79,5.58,1839,2469,-72,44,122,-90
Nothing received in the last five seconds...
1617,0,78.14642334,16.04338074,514.5,12,8,57,13,946.492,79,5.54,1835,2469,14,51,106,-96
1618,0,78.14645386,16.04348755,513.6,12,8,58,15,946.813,79,5.52,1834,2470,32,44,-126,-95
1619,0,78.14648438,16.04357147,512.6,12,8,59,16,947.182,79,5.5,1833,2471,91,49,77,-94
1620,0,78.14648438,16.04360962,511.6,12,9,0,15,947.577,79,5.47,1831,2469,101,51,112,-96
1621,0,78.14651489,16.04357910,511.5,12,9,1,15,947.949,79,5.42,1830,2470,-118,47,124,-96
1622,0,78.14651489,16.04356384,510.8,12,9,2,15,948.292,79,5.43,1829,2478,-45,55,117,-94
1623,0,78.14654541,16.04354858,510.0,12,9,3,14,948.646,79,5.42,1828,2473,-93,48,-117,-97
1624,0,78.14660645,16.04364014,509.5,12,9,4,14,949.035,78,5.39,1828,2470,-26,47,110,-91
1625,0,78.14663696,16.04376221,509.1,12,9,5,14,949.351,78,5.36,1826,2470,28,53,96,-91
1626,0,78.14666748,16.04379272,508.4,12,9,6,12,949.76,78,5.35,1826,2470,21,45,-100,-94
1627,0,78.14666748,16.04389191,508.1,12,9,7,14,950.144,78,5.36,1825,2470,87,44,89,-92
Nothing received in the last five seconds...
Nothing received in the last five seconds...
Nothing received in the last five seconds...
Nothing received in the last five seconds...
